BallCorridor:
eps[0] = 0.000000
eps[1] = 0.250000
eps[2] = 0.500000
eps[3] = 0.750000
eps[4] = 1.000000
d[0] = 0 0
d[1] = -0.109489  0.216055
d[2] = -0.252665  0.252665
d[3] = -0.216055  0.109489
d[4] = 0 0
f[0] = 1.000000
f[1] = 1.023888
f[2] = 1.081679
f[3] = 1.023888
f[4] = 1.000000
ref[0] = 0.1 0.1
ref[1] = 0.3 0.3
ref[2] = 0.5 0.5
ref[3] = 0.7 0.7
ref[4] = 0.9 0.9
